%YAML:1.0
---
camera_matrix: !!opencv-matrix
   rows: 3
   cols: 3
   dt: d
   data: [ 1292.8842834606803, 0., 757.23873168230296, 0.,
       1291.2475600075445, 450.21695717696753, 0., 0., 1. ]
distortion_coefficients: !!opencv-matrix
   rows: 1
   cols: 5
   dt: d
   data: [ 0.1347249818115796, -1.3116293098715892,
       -0.010461158257293539, 0.019100729992097248, 5.1791101743618357 ]
